239
799
468
613
462
164
305
146
41
116
304
294
419
757
510
238
71
412
943
467
950
9
867
176
693
961
769
616
561
451
915
152
250
383
118
64
547
775
211
940
891
515
586
663
272
97
253
695
861
197
162
163
558
29
339
603
343
460
219
256
264
486
761
866
221
879
931
120
6
494
412
898
9
999
913
633
96
166
328
309
363
842
472
273
224
164
877
919
976
96
175
240
583
288
107
156
519
390
277
526
884
689
424
245
688
337
878
136
855
558
445
219
752
270
492
976
434
721
895
410
818
423
3
753
711
110
909
231
500
186
757
736
228
533
981
916
222
859
405
77
769
850
648
521
120
493
850
906
214
97
669
384
520
672
137
584
134
399
815
986
937
924
722
165
809
703
434
31
914
839
460
683
41
461
556
514
954
758
772
520
856
441
905
728
465
394
312
599
145
127
585
435
403
307
952
212
362
386
595
276
577
408
311
971
869
220
485
175
978
609
47
186
51
304
915
516
51
227
116
196
707
53
631
110
713
584
675
75
322
622
352
252
30
15
223
251
235
708
778
566
669
826
752
720
130
19
589
181
599
705
730
306
110
713
768
823
649
795
899
972
418
603
224
800
618
447
52
206
507
830
772
176
8
876
249
139
248
838
672
847
895
402
153
5
116
273
829
765
69
80
737
487
35
313
287
653
112
691
211
971
874
335
500
882
212
749
373
460
587
46
307
834
448
812
839
916
85
20
682
506
100
771
993
487
437
633
493
549
676
704
521
550
40
373
785
604
122
158
64
61
556
723
895
5
887
86
921
972
107
955
479
559
727
824
47
164
809
540
65
838
596
938
740
636
311
525
240
433
36
656
846
592
731
741
597
618
180
871
943
287
826
774
198
905
598
245
69
760
137
135
598
734
425
338
722
737
216
315
170
252
971
369
844
55
462
794
673
642
17
616
281
195
390
480
101
341
77
522
101
567
9
51
653
435
741
375
172
957
690
694
561
14
63
758
69
526
904
94
520
273
711
802
468
101
282
569
794
359
92
247
926
453
298
579
888
392
307
60
701
349
755
615
715
170
373
784
48
629
879
569
902
942
371
370
395
653
292
190
364
736
789
643
189
440
574
78
832
881
490
885
583
597
500
298
768
225
435
816
854
666
385
756
608
108
479
355
113
123
545
478
859
335
473
48
775
47
478
959
281
969
844
864
566
345
514
686
570
949
503
777
615
240
533
575
349
364
931
462
487
828
292
346
515
117
747
642
517
577
601
798
898
798
14
465
143
880
503
65
830
358
842
797
599
728
373
300
92
656
114
932
484
759
630
352
876
729
994
393
307
596
543
205
394
909
22
889
790
526
306
620
884
149
769
835
877
494
135
321
150
602
605
987
361
236
339
589
965
333
983
624
281
526
182
27
788
204
268
578
82
575
550
319
724
319
506
953
166
994
626
316
596
232
655
309
820
994
898
137
680
881
762
313
760
944
341
548
500
961
478
935
536
28
254
612
699
112
917
865
106
896
534
702
480
189
11
300
536
910
437
216
143
551
881
255
495
222
803
348
536
633
283
72
661
889
37
361
1
306
578
108
202
112
162
682
302
174
982
838
436
772
406
931
323
287
187
171
862
342
871
398
976
154
822
637
43
211
350
44
518
929
152
72
393
315
755
695
841
89
885
629
213
643
560
889
931
99
60
145
442
931
895
418
437
717
407
480
281
758
876
799
39
381
871
432
48
978
480
241
68
717
870
633
361
782
522
644
882
934
789
324
217
684
94
654
753
501
486
386
611
363
537
650
96
761
435
144
739
267
737
159
984
959
793
697
741
315
341
975
250
482
651
467
518
745
474
624
247
960
10
210
675
548
861
771
309
648
267
400
915
356
560
251
315
705
949
57
372
642
384
622
125
36
442
995
781
916
619
380
876
982
943
904
530
804
675
191
804
295
943
71
651
855
322
319
560
623
376
933
266
112
907
743
148
349
738
282
617
710
14
494
692
957
750
574
113
777
117
269
72
60
340
76
268
663
395
828
286
123
113
552
587
21
647
736
722
386
370
340
448
736
186
492
46
936
66
159
713
535
429
138
595
769
566
863
784
313
44
71
788
509
975
375
882
975
463
605
361
833
297
161
922
835
653
968
123
719
127
188
606
908
678
553
30
244
769
814
557
813
237
697
322
565
73
205
540
536
162
253
370
811
414
292
646
67
612
769
138
739
957
744
0
636
297
30
232
66
196
142
231
786
839
906
351
912
111
891
449
625
144
171
436
910
815
82
329
427
203
467
518
512
