247
670
724
364
880
436
430
920
900
340
878
604
981
628
967
62
251
906
671
396
840
129
169
845
19
118
13
331
289
625
989
888
647
713
252
527
501
35
800
402
727
30
358
708
11
325
122
614
583
146
11
424
275
532
621
647
650
634
330
291
611
319
180
258
385
784
138
238
171
938
992
898
968
350
958
979
675
433
594
611
579
957
35
206
489
8
205
492
642
535
783
253
207
315
863
944
100
1
182
271
939
175
522
260
877
480
591
905
265
185
516
844
494
903
403
984
911
608
828
553
496
611
158
55
927
373
999
379
375
533
650
666
60
172
926
938
5
870
843
270
407
359
467
902
262
870
238
173
830
66
78
326
677
236
381
956
609
732
335
336
266
338
3
678
510
281
616
867
151
459
490
911
170
957
813
432
827
51
957
9
469
35
336
498
271
69
455
233
154
142
921
772
480
276
450
343
558
67
210
61
878
52
972
49
9
137
481
188
540
439
198
9
826
886
508
450
955
315
683
461
457
956
233
290
233
684
633
143
103
195
556
981
248
529
30
257
18
864
798
559
655
996
920
481
882
780
931
189
95
966
651
905
923
884
195
156
920
180
299
23
375
855
5
975
736
387
233
107
603
383
18
258
379
290
740
613
71
23
802
518
342
805
423
265
42
970
773
962
150
424
338
526
631
343
853
720
82
86
827
686
821
197
944
200
487
36
165
558
412
320
77
754
125
852
19
519
823
144
482
973
568
820
851
551
515
705
271
597
143
98
635
965
295
580
517
135
968
683
693
380
355
122
486
480
975
857
352
798
1
834
123
921
6
327
473
521
384
744
470
527
195
106
844
842
38
714
977
358
749
671
91
104
145
577
936
120
435
288
270
436
474
746
358
480
73
183
1
809
927
824
688
122
930
533
965
320
599
294
678
348
317
769
452
463
347
740
935
782
29
206
570
503
304
280
336
377
463
337
538
391
513
226
865
795
759
182
115
358
477
146
58
794
915
862
609
614
603
545
748
984
103
671
487
407
951
175
136
767
865
674
158
378
900
375
174
660
558
289
370
387
787
781
533
703
643
143
669
246
40
770
230
143
441
70
550
744
245
686
511
110
360
669
489
260
397
15
272
307
656
995
694
444
776
579
499
419
74
520
18
114
290
600
257
731
670
159
476
268
845
987
378
557
9
219
170
758
586
442
65
243
789
111
687
917
690
538
689
765
58
707
231
349
307
841
432
330
0
908
598
846
248
328
755
609
900
925
367
486
720
784
729
509
895
768
427
937
306
116
54
717
175
286
66
482
127
850
812
127
759
762
325
359
91
81
320
991
358
39
477
78
823
559
940
718
679
367
7
338
835
62
55
362
348
473
196
827
323
361
954
434
123
632
793
566
65
465
557
423
504
387
502
327
298
442
397
977
161
405
315
348
467
722
710
167
195
906
994
519
267
300
953
743
284
99
309
349
564
219
773
69
606
627
396
256
69
146
585
582
551
901
930
370
975
640
889
171
898
235
690
518
887
995
261
172
94
922
521
659
141
646
728
99
273
476
355
694
622
941
276
525
194
206
247
169
198
136
340
449
371
382
967
259
378
580
783
472
502
656
483
644
303
563
743
928
392
451
623
14
744
899
892
938
458
139
459
656
628
152
457
351
886
424
962
264
356
745
89
859
402
572
855
57
488
950
985
880
401
608
246
145
860
138
435
670
630
247
678
610
399
136
961
285
912
924
902
269
669
343
128
423
267
335
480
755
285
466
635
687
426
882
184
638
372
972
308
354
219
987
964
970
475
278
607
387
202
509
656
223
852
136
647
120
471
127
227
757
945
863
444
724
97
980
714
821
952
23
528
523
362
844
845
837
122
453
576
676
962
233
900
167
369
899
639
841
26
866
598
324
81
394
400
530
726
114
352
31
489
232
554
203
76
752
392
199
205
969
875
519
202
127
686
923
26
677
764
405
544
714
729
977
460
481
508
539
595
212
570
437
444
476
640
520
228
385
71
433
354
299
953
908
426
991
831
453
21
948
858
917
14
939
894
475
420
402
14
367
966
936
156
410
412
797
283
993
534
354
426
888
653
731
796
432
75
979
885
96
927
95
13
294
34
259
121
806
14
487
525
980
423
682
743
187
831
26
180
365
732
607
605
738
690
401
170
765
732
55
213
12
502
226
306
888
486
427
46
852
266
571
832
689
605
575
876
436
601
409
153
686
16
758
424
58
511
594
176
244
1
389
256
503
616
914
391
454
693
789
306
959
360
490
0
966
66
228
754
19
637
260
705
5
