27
19
986
14
983
270
547
944
818
67
89
593
85
717
930
312
72
385
619
950
230
462
752
861
888
431
209
808
502
59
153
881
78
140
896
413
410
795
357
228
214
799
822
651
516
104
316
940
842
935
890
424
397
643
286
637
426
847
445
280
258
599
162
336
739
410
749
501
557
459
730
771
258
904
423
774
8
739
66
850
26
956
275
423
951
913
413
730
112
210
10
371
161
524
59
252
934
809
754
491
620
484
615
878
388
390
4
748
481
70
951
507
378
578
282
682
843
47
412
307
258
422
30
419
947
90
672
233
251
426
77
871
262
692
101
2
434
105
750
915
527
53
774
905
631
56
587
474
456
999
782
714
774
164
133
73
254
157
306
505
935
735
728
549
427
829
551
861
286
654
128
813
707
902
71
339
311
658
165
767
10
299
481
136
464
966
561
70
476
867
576
763
955
656
313
382
486
864
596
772
870
724
938
578
979
9
269
290
19
786
409
381
438
890
517
902
208
78
972
36
298
900
800
253
909
113
987
747
329
935
519
200
660
809
130
991
818
399
633
838
537
42
571
975
284
89
877
492
519
202
881
817
454
681
422
715
146
410
462
475
345
334
27
357
143
157
700
314
908
333
504
446
375
75
421
659
164
651
504
36
205
385
853
11
418
628
727
564
390
189
391
735
875
419
445
19
576
145
333
837
479
837
283
206
264
56
866
781
707
722
817
264
459
22
276
877
650
355
793
40
544
184
128
772
603
925
791
532
422
476
369
253
665
4
460
929
60
678
710
120
400
527
384
211
550
660
88
552
15
881
593
912
417
73
684
373
998
827
905
420
303
626
674
320
982
486
249
42
164
312
162
916
191
547
127
93
559
567
646
575
448
591
839
217
16
523
590
14
702
847
786
5
473
812
325
455
298
926
850
814
590
364
730
782
911
857
227
471
776
225
398
576
816
237
794
184
112
384
550
814
232
337
171
57
501
848
865
800
126
67
966
717
431
697
851
343
906
430
166
683
656
916
259
824
505
405
9
969
790
559
135
374
248
658
783
750
506
648
902
984
715
868
53
499
917
256
194
824
687
360
859
343
628
470
519
485
876
528
454
18
440
941
392
688
599
175
438
457
176
692
441
243
561
847
742
478
103
936
654
142
648
865
837
628
336
357
113
564
237
919
582
677
860
974
366
459
501
156
268
29
849
710
625
762
909
367
240
364
656
247
507
656
112
344
285
800
53
750
364
291
670
946
320
882
272
38
694
126
547
962
507
396
24
132
510
933
852
102
298
860
349
157
516
814
853
153
614
907
904
331
550
926
629
222
160
254
613
854
732
160
169
239
908
193
724
418
479
576
520
129
436
222
638
304
36
491
458
2
750
714
333
652
992
315
875
152
569
488
359
301
0
528
892
908
73
616
326
552
544
198
33
980
420
671
285
456
163
95
459
265
809
144
918
801
459
145
305
380
985
664
681
985
544
926
893
618
542
571
522
439
121
556
419
542
579
56
350
94
151
161
360
312
658
630
465
469
775
771
850
760
787
883
97
684
809
342
302
704
913
176
143
386
84
914
280
664
971
983
758
474
496
470
139
154
100
604
624
875
727
474
987
867
357
84
551
167
426
205
223
691
381
366
430
466
280
710
482
603
693
240
430
190
63
569
696
163
173
320
391
253
794
730
120
504
167
671
23
593
876
246
637
609
964
67
75
244
777
557
200
823
150
630
365
213
199
61
728
724
382
471
977
528
554
449
384
721
120
407
666
348
5
303
310
969
722
385
566
500
295
766
675
797
748
40
362
947
101
442
23
483
914
353
364
468
802
748
541
275
156
207
975
161
511
285
483
233
23
49
85
318
167
760
467
915
152
829
214
254
271
589
89
537
942
453
357
745
202
898
20
710
106
995
223
617
633
706
202
656
107
288
326
274
400
793
541
553
974
755
159
245
345
248
783
639
702
140
384
256
39
756
966
497
104
541
114
737
248
668
745
707
308
71
982
61
864
875
966
838
983
125
435
680
373
570
319
427
63
704
35
454
812
353
951
916
895
417
5
495
85
750
202
394
821
536
807
37
764
773
227
747
898
15
427
623
585
746
403
648
802
438
102
967
144
53
883
39
822
889
886
908
991
440
654
813
329
461
202
93
234
430
192
484
445
619
107
382
717
510
31
872
301
485
839
445
891
74
836
713
315
722
973
307
514
979
120
843
440
674
288
26
456
480
510
901
451
618
636
169
480
19
41
781
504
232
226
747
306
62
461
622
136
786
929
651
766
401
846
558
75
135
